-35
17
36
-53
-12
16
-21
-34
34
-20
-43
-15
32
40
4
42
-61
-7
71
-16
6
27
40
-31
-11
-10
-69
-8
-75
30
-41
-52
-3
-1
6
82
34
-24
-30
-22
-50
47
59
-38
-9
-9
18
9
-6
-9
-1
-14
-106
-38
-11
33
58
0
-16
-76
41
-14
-13
27
0
9
-16
24
-48
-59
-26
-25
-31
39
13
-2
-25
-10
-39
25
-86
14
24
6
-1
-38
69
33
-18
-11
21
38
-33
10
21
47
-25
30
41
-40
8
3
-16
14
18
65
-49
68
22
-1
17
-36
-46
-15
28
2
-16
-18
24
19
-35
40
-42
22
-17
27
13
44
17
7
22
-29
-11
-27
-81
-29
54
-59
-14
22
8
-52
-34
47
5
-4
45
-44
78
-22
34
-2
0
-23
-19
4
24
-36
-15
3
29
-46
-13
12
59
-21
7
-31
-28
-22
-34
19
-37
-8
42
7
-22
-39
30
12
28
-30
3
62
8
34
65
-39
-85
-55
-46
6
-17
9
-36
26
47
-29
-54
-15
-95
-2
21
27
31
26
-1
2
18
-35
-30
-37
-24
-111
17
-37
-46
-67
-20
45
-15
-21
55
-5
26
34
60
-21
-9
-29
22
-19
-57
-14
2
-39
-15
21
-22
59
-25
41
-25
-26
-34
79
38
4
29
-15
-26
12
23
-32
8
-19
-9
-47
-25
11
34
93
17
-10
-47
-45
-18
34
4
-30
36
7
-14
42
15
-32
30
-26
65
68
-37
-45
2
0
13
-3
21
10
-19
32
-11
20
15
-38
-29
57
73
-10
43
-31
-7
-20
48
-62
23
-31
17
16
40
16
43
-3
28
-20
-34
-6
25
-10
-59
12
-66
7
-9
7
26
28
-37
-27
12
25
-54
-6
12
-3
29
-36
5
-45
18
-9
50
55
-2
-33
13
-14
-43
-22
83
-42
68
23
40
-52
13
-34
-21
-63
30
30
-3
5
12
-9
-37
54
0
-71
15
30
64
42
-50
-4
-63
-2
35
-16
-12
-33
66
37
-32
-45
20
0
37
-66
-54
-31
-42
18
44
66
-16
4
20
61
16
-23
-39
8
-44
15
40
127
-10
47
4
-65
-46
2
48
-66
20
11
-9
-4
57
48
20
41
50
19
-5
12
-8
-5
27
-4
18
54
4
-15
80
14
-59
26
-17
27
-56
48
45
47
-39
2
4
29
-24
-59
33
40
42
62
73
-75
29
-25
23
3
72
-1
-27
-48
10
-15
-21
-7
52
-40
20
-21
-1
-36
23
-44
-9
-43
59
16
