-79
39
89
-70
-85
107
28
0
-50
-66
-12
-91
45
-8
-86
27
-55
-79
99
-89
50
-42
23
89
65
-26
-47
-48
-84
76
-66
57
75
10
-28
-36
-67
-74
53
29
102
79
63
10
16
-37
-70
38
-55
16
-86
-70
-8
-37
102
-21
-49
-71
-42
-96
87
69
-93
78
-37
-65
85
-61
-49
24
61
56
-34
-127
-51
-72
-2
-18
13
72
51
-33
85
70
81
76
-24
70
-67
-11
81
86
-66
64
-39
14
116
-63
18
30
21
-66
-25
43
-61
30
22
-19
40
-75
105
-13
61
-61
44
35
-49
43
59
-13
-6
90
46
74
69
26
-65
-70
-75
44
111
70
96
-6
-47
-87
-18
-81
-41
-92
-94
91
-83
-108
-71
66
-5
23
-66
-59
-48
74
53
-26
-90
55
-34
-18
60
70
50
-85
-66
107
58
-23
-64
13
62
77
-55
93
-1
2
74
5
-54
112
-112
43
-96
75
4
-82
-69
54
-54
79
59
-116
56
55
