63
-40
18
-47
-10
17
84
40
-29
-37
2
81
-4
4
-103
32
79
-30
-71
37
-72
-74
-27
-31
7
76
85
20
-53
-14
74
-53
54
-72
36
51
-50
-9
6
-11
-40
58
35
5
11
26
-34
-29
87
58
-18
79
-41
-59
-5
6
5
-18
67
-7
-16
-35
-13
60
27
-43
69
43
63
25
63
-30
-15
21
-41
75
-6
38
-64
-33
-2
12
-38
-23
22
-29
-65
-19
-47
65
24
-46
-51
46
-61
19
4
71
-14
0
-6
-23
-77
-22
-7
-67
-92
-12
33
-3
44
-4
-86
-48
20
-31
96
-50
35
48
-81
-51
-64
60
-42
-31
8
-48
-17
-8
-20
10
55
88
5
9
33
-44
-50
-37
-89
23
28
-80
31
103
-59
2
22
-37
-102
42
36
64
15
23
-5
70
-31
-23
30
62
-40
-18
63
-84
-38
29
-54
10
-84
-51
-20
-70
32
47
-45
-67
75
-110
41
-47
20
42
42
-54
-85
37
-40
-77
7
36
-56
68
45
-18
25
-104
-23
12
49
26
-29
-11
-29
1
76
41
-91
-95
69
-7
100
30
101
44
16
-88
-31
65
-22
-51
-70
-50
-60
38
85
-41
-26
-88
-15
-7
-24
-33
20
-39
50
9
28
81
-77
11
84
-20
73
3
101
28
-106
-60
-15
59
-50
-3
3
7
-65
51
-23
11
10
40
39
21
-13
26
-66
96
48
21
67
-84
-44
-90
50
67
54
-49
-34
-12
21
-28
-60
26
1
-41
-36
-41
5
9
18
18
-93
77
-14
21
17
33
-32
-57
3
66
-127
76
-1
-22
-9
-19
-23
9
-33
-40
51
-1
27
-13
56
50
-50
19
-8
72
-43
-22
-64
-64
-58
-51
-13
32
11
10
17
22
58
-49
-35
8
18
-11
77
48
27
67
-32
-34
27
-38
43
-41
-59
42
45
-17
55
-7
-15
-57
-20
-86
-26
17
28
69
-18
41
3
22
-75
-15
75
-84
1
13
29
69
-61
-44
-62
3
-37
2
0
11
61
-8
-33
-8
12
12
55
46
10
-26
-17
-59
41
-54
-91
44
27
45
-50
27
-61
27
-83
-59
20
41
-11
-1
5
-35
75
-51
-14
81
40
-45
64
22
-51
-66
-10
38
-68
33
59
67
7
70
-81
-89
22
-101
-25
29
82
-23
-111
15
27
82
-70
-69
16
26
22
71
80
-52
-24
-50
5
-78
34
-62
-67
-41
77
74
105
98
-44
-25
59
-76
82
-6
32
46
17
-14
-32
-24
22
-9
19
-33
59
-42
8
39
-61
75
105
-2
68
83
81
27
-37
-43
-40
-78
65
76
-47
104
-14
65
4
-19
-3
22
93
-53
41
80
6
51
-60
54
70
-67
9
-74
-48
24
55
9
-54
-4
32
71
-21
17
-88
-33
26
-69
-32
-36
-9
30
-102
-59
41
-33
-88
-90
-65
47
3
-99
0
79
17
66
58
60
53
63
-21
-30
-46
-39
18
-99
35
82
-11
15
-39
-59
-94
-73
-11
119
24
-59
2
-14
-5
13
-34
7
24
46
-62
5
74
-7
-54
-7
20
-8
27
-45
-5
-25
-21
6
56
66
39
-7
26
-10
27
0
-24
-40
-4
-13
56
-31
54
-83
11
19
-58
57
-14
17
-44
-31
72
64
25
33
-106
-57
6
-6
-41
88
-79
0
-23
-54
15
37
58
44
38
-8
-13
54
-28
112
-25
-56
101
-45
-88
-33
-29
-79
-15
43
-24
-43
46
58
-65
9
13
-78
72
-13
97
-8
14
-70
-31
54
-18
-60
10
-5
7
23
25
-40
56
0
-30
26
23
-77
-61
-16
-57
28
112
-10
-58
-81
45
-49
83
-18
-1
85
40
-98
-53
-3
-64
-90
22
33
40
-100
-46
55
26
52
37
63
69
83
76
95
-35
43
28
-54
91
17
-18
34
-69
-63
10
48
26
14
87
-19
59
1
44
14
29
103
73
-7
-1
-32
22
18
31
-14
-36
8
-3
74
72
-23
-81
-36
56
14
-18
17
54
-50
-21
-29
-5
-13
17
3
20
-5
7
28
-23
29
81
-22
-90
54
62
30
-51
3
9
-17
69
3
-23
-77
66
-18
-16
-2
75
5
-17
-60
6
62
32
-56
36
-10
-42
4
-9
32
-14
27
0
-60
24
-85
51
-64
27
51
-20
-9
-19
30
67
-84
86
73
-29
-51
-27
-42
-86
-25
40
-7
-13
-61
22
89
38
-16
77
-101
-15
-78
-24
-69
-18
73
2
26
38
-28
-97
-52
79
4
12
-3
107
-22
-104
-96
11
-20
-89
-10
13
38
-73
75
51
-32
-18
-64
-65
-67
34
31
1
39
-44
28
111
40
26
-55
48
-56
13
54
35
30
-16
-18
-44
49
39
-55
-73
-10
-53
95
6
19
36
-79
-84
-20
-50
-28
-92
-59
-50
39
19
91
-105
-99
62
-52
90
-17
84
79
-73
-98
20
73
-37
0
-77
50
-37
69
-6
-68
-3
-60
-41
-4
-50
-44
-51
16
-61
46
29
71
-22
-4
11
-14
8
1
91
29
-14
-32
-63
-30
-35
-20
26
4
-15
71
47
-28
64
-6
-75
-68
-32
31
7
-95
42
77
44
63
-103
-13
23
-86
-9
9
113
29
9
-48
-92
58
-14
-97
-76
-58
42
-5
-2
1
13
-14
62
-32
-46
-48
45
-52
43
56
-65
44
62
56
-76
7
-40
39
-63
-25
53
50
78
-25
-35
-33
6
21
