71
-23
88
-124
-77
-53
44
9
-30
51
62
-45
-83
42
-4
-25
3
73
-9
-34
-88
52
-41
65
50
-64
-65
-35
56
-49
32
-106
-6
-48
-1
99
22
73
58
-53
-46
-5
-42
72
27
19
46
33
-35
-55
68
47
-2
-119
-41
123
-25
82
99
-76
-87
-52
32
107
-27
-102
-12
57
7
1
5
-7
85
97
-33
88
12
-66
127
-43
52
-110
93
47
106
-103
-83
54
-15
-30
60
1
-1
36
1
89
-42
39
59
-53
-40
66
100
34
-50
15
59
-54
104
43
-20
37
-16
62
17
16
-53
17
24
-58
-74
7
-71
93
-8
54
84
-46
-95
-27
76
24
-8
65
77
4
14
-9
2
-63
26
14
-87
7
-44
72
45
-4
-30
2
-57
-59
-32
-41
-41
11
69
15
96
-30
-73
-20
-66
-6
-6
82
-91
7
46
24
29
68
-48
-79
24
-18
5
-78
6
-24
31
-120
-24
24
-44
81
4
48
-40
21
-35
52
14
29
-31
36
10
-34
-51
56
-6
-14
22
-20
-80
-31
106
-9
74
-30
25
0
79
-7
54
87
79
35
25
-76
-35
-53
-77
83
93
86
-32
-86
-39
-75
-50
87
-5
-45
50
-91
-36
52
88
-56
58
-1
-7
-34
59
0
53
41
86
-69
-75
-76
38
-5
-42
-37
11
1
58
59
14
11
14
4
-51
-22
2
-49
-19
-53
-18
103
-38
45
-88
-50
-35
47
75
48
59
3
28
-10
-57
9
49
-60
106
28
90
-109
-53
-83
-12
-74
-109
2
-19
-69
-53
110
-53
30
14
35
-82
-20
-117
18
41
50
89
-45
-57
59
-29
-48
55
-66
105
2
-5
-14
38
-42
-14
8
-33
43
-6
47
-74
12
-23
20
-39
50
20
24
-2
-3
25
57
-7
-43
3
-12
-32
-37
-58
-62
8
104
24
-90
-65
-86
-7
-42
-86
-75
-2
-100
-11
32
-126
74
-60
112
-97
-108
-71
16
62
-97
56
8
-46
81
-3
49
75
-82
35
8
-82
-32
-46
-85
-11
6
-35
33
-59
-55
-91
26
49
1
5
7
-13
64
32
23
-28
-5
23
-8
31
-31
21
-30
13
-40
-10
53
-1
29
77
46
61
-71
57
-39
27
72
25
-35
11
26
13
-28
8
-88
31
-65
72
1
-59
52
-7
41
-61
77
71
5
28
28
83
-58
-91
-52
-24
14
-9
31
41
-92
66
49
-9
-49
37
91
-31
-7
-13
33
-76
-33
82
-43
-111
36
60
115
-33
-52
14
102
-99
5
20
-13
-21
8
-16
-52
32
-35
-97
-122
51
-67
4
5
-24
-48
61
35
34
3
96
37
-51
-16
-12
-52
-79
-39
55
71
-39
-6
-9
-27
-3
81
85
49
64
16
-48
-11
41
-80
31
11
-40
97
68
79
23
-19
54
-95
-52
-63
67
15
-52
27
-1
83
64
78
42
102
85
-41
-18
-97
40
-39
116
-26
-87
110
7
46
-62
-101
-37
74
108
-105
-77
33
-28
116
-44
12
50
-25
-64
-86
-95
-1
-38
-39
-77
50
109
38
1
9
-9
-71
78
-106
-29
-88
71
93
111
-51
-59
40
-62
44
59
-81
42
10
-20
16
-87
70
60
32
-61
65
-26
45
69
-25
65
-98
87
-46
-27
-78
40
84
39
-19
41
73
16
-76
56
-105
-21
83
55
66
-10
43
-29
-9
-54
94
84
-51
-29
49
20
-37
25
59
-67
-111
118
-83
34
-97
12
-2
95
-9
-25
51
31
80
-28
-80
-32
-57
-65
24
-55
98
-15
0
-34
-97
-78
97
78
-35
78
-117
33
9
6
-73
-6
102
-62
-59
-48
59
55
-116
95
-29
-106
20
83
98
-3
2
93
-22
-56
-102
-71
-104
-44
-12
-97
34
-36
-11
-118
39
-47
81
-37
34
10
-24
27
27
-37
64
87
2
52
-35
46
-71
-33
-1
-94
-57
-92
72
105
61
-15
0
62
-20
-6
96
25
-54
110
-87
75
-66
19
87
81
-67
13
2
4
-6
48
-57
-50
0
-11
32
30
-77
-1
5
26
54
-31
-68
48
64
-21
72
28
89
42
7
-44
-14
36
78
32
-12
-32
58
-91
71
59
42
-33
74
11
31
62
48
92
-98
-116
-61
-17
80
72
75
18
5
72
9
-46
13
-10
16
-1
71
-48
0
20
-43
19
-50
-36
-1
0
56
0
-104
33
12
-89
-11
-57
-74
-92
73
9
19
69
7
7
-47
80
-70
-22
-16
5
82
-1
38
5
-48
90
-84
-91
-29
52
-27
16
42
-90
23
24
50
-72
54
-37
35
95
49
56
-76
70
53
-48
-46
73
37
68
28
16
65
54
-99
3
-98
-25
96
75
80
71
5
53
18
64
-47
-51
-107
70
21
-94
38
-22
-99
-17
95
-75
97
-36
111
-37
-9
-102
74
18
-1
48
-89
16
26
16
14
10
-55
65
-24
-33
22
77
-27
-60
10
64
-14
-87
20
-114
-44
66
-47
-12
-89
38
54
80
-75
-85
48
41
55
65
-77
-6
-75
-97
11
-43
27
55
14
-11
122
44
-81
31
-40
39
-36
117
-70
-71
27
19
-11
61
-42
-30
-27
25
-79
-22
-53
-41
61
-2
86
46
45
0
58
-1
29
123
52
69
-94
-65
-124
-10
-42
3
-97
3
35
-57
-60
-28
-104
-8
-65
54
-37
8
49
79
-46
-69
-13
-22
77
