-47 -48 38 0 12 13 27 -61
T0 0 0 126 0 0 0 0 0
T1 0 0 126 0 0 0 0 0
-2 -45 -13 55 6 -55 6 -48
T0 0 0 0 126 0 0 0 0
T1 0 0 0 126 0 0 0 0
33 58 62 16 48 -17 -46 1
T0 0 3 123 0 0 0 0 0
T1 0 2 124 0 0 0 0 0
-7 21 64 -29 46 -47 -20 37
T0 0 0 126 0 0 0 0 0
T1 0 0 126 0 0 0 0 0
-33 22 -5 2 57 41 44 6
T0 0 0 0 0 126 0 0 0
T1 0 0 0 0 126 0 0 0
62 62 -47 -38 -25 7 42 -2
T0 63 63 0 0 0 0 0 0
T1 63 63 0 0 0 0 0 0
62 -19 55 12 28 -34 12 39
T0 126 0 0 0 0 0 0 0
T1 126 0 0 0 0 0 0 0
50 47 60 -48 36 -4 24 -29
T0 0 0 126 0 0 0 0 0
T1 0 0 126 0 0 0 0 0
-63 -54 61 51 -25 -9 -33 -45
T0 0 0 126 0 0 0 0 0
T1 0 0 126 0 0 0 0 0
46 22 -55 -38 8 52 64 -36
T0 0 0 0 0 0 0 126 0
T1 0 0 0 0 0 0 126 0
14 -60 -42 -39 -7 -20 29 -4
T0 0 0 0 0 0 0 126 0
T1 0 0 0 0 0 0 126 0
-21 52 16 25 32 -21 50 -62
T0 0 101 0 0 0 0 25 0
T1 0 111 0 0 0 0 15 0
-25 -44 -64 64 -53 -5 41 25
T0 0 0 0 126 0 0 0 0
T1 0 0 0 126 0 0 0 0
46 -57 0 -60 -40 45 -55 11
T0 84 0 0 0 0 42 0 0
T1 92 0 0 0 0 34 0 0
-62 -25 56 -24 -25 -53 35 -42
T0 0 0 126 0 0 0 0 0
T1 0 0 126 0 0 0 0 0
0 -61 -62 44 -63 -4 -9 -48
T0 0 0 0 126 0 0 0 0
T1 0 0 0 126 0 0 0 0
19 31 63 -39 55 -57 -46 13
T0 0 0 126 0 0 0 0 0
T1 0 0 126 0 0 0 0 0
47 51 31 -61 -11 39 4 -40
T0 3 123 0 0 0 0 0 0
T1 2 124 0 0 0 0 0 0
23 -53 25 -62 -18 -27 57 29
T0 0 0 0 0 0 0 126 0
T1 0 0 0 0 0 0 126 0
20 -1 -28 46 58 -36 -33 -24
T0 0 0 0 0 126 0 0 0
T1 0 0 0 0 126 0 0 0
-3 -31 -12 62 -17 57 0 -21
T0 0 0 0 125 0 0 0 0
T1 0 0 0 126 0 0 0 0
56 -8 35 -24 64 32 49 -59
T0 0 0 0 0 126 0 0 0
T1 0 0 0 0 126 0 0 0
-51 -56 4 -12 62 -33 -43 45
T0 0 0 0 0 126 0 0 0
T1 0 0 0 0 126 0 0 0
-26 31 -27 6 -54 21 54 25
T0 0 0 0 0 0 0 126 0
T1 0 0 0 0 0 0 126 0
49 36 9 55 -3 -45 7 16
T0 0 0 0 126 0 0 0 0
T1 0 0 0 126 0 0 0 0
-42 -46 21 -7 -2 37 24 51
T0 0 0 0 0 0 0 0 126
T1 0 0 0 0 0 0 0 126
-43 33 5 -60 -55 -18 18 -43
T0 0 126 0 0 0 0 0 0
T1 0 126 0 0 0 0 0 0
6 64 -46 -46 60 -33 48 -18
T0 0 123 0 0 3 0 0 0
T1 0 124 0 0 2 0 0 0
33 -57 17 48 -21 18 -37 -44
T0 0 0 0 126 0 0 0 0
T1 0 0 0 126 0 0 0 0
-64 0 3 -54 -35 14 -17 -35
T0 0 0 0 0 0 126 0 0
T1 0 0 0 0 0 126 0 0
-64 -60 18 -50 45 7 -32 18
T0 0 0 0 0 126 0 0 0
T1 0 0 0 0 126 0 0 0
-44 -23 0 19 -47 -19 -53 -48
T0 0 0 0 126 0 0 0 0
T1 0 0 0 126 0 0 0 0
