-57
-57
-54
-39
-55
20
-36
-58
-14
-35
-23
56
20
-31
-10
71
29
-27
-13
-21
31
-23
108
12
-33
52
37
-2
-79
32
-11
-34
-68
26
-39
-36
22
11
-10
-38
9
42
-57
16
19
35
30
61
-40
-1
25
-67
-37
-45
17
14
-86
-31
50
36
-60
48
0
-23
-60
-51
-32
-2
14
58
46
26
-34
37
-37
64
-5
47
-26
47
33
-12
55
-10
-13
-35
86
-1
16
42
23
-15
-40
59
28
27
104
30
41
-18
51
-10
76
45
-54
42
7
-6
-67
-34
54
4
76
39
-15
68
6
15
-26
-5
7
72
55
-13
20
-111
-40
-31
-69
14
-79
-9
-23
-46
-54
11
47
-51
-1
68
59
-32
-49
-51
34
-37
37
-24
-8
-71
74
30
5
-35
-3
-30
-51
-9
-6
-16
108
51
9
31
53
23
39
82
-5
-3
68
-16
-22
28
-1
29
43
-4
-29
5
1
-12
-9
89
13
47
47
-55
91
-53
-56
-57
63
-32
-42
-39
73
-51
-3
-12
-8
-7
-33
-67
-75
31
27
24
49
11
10
49
-40
87
-81
-5
89
59
64
-55
86
-10
-1
-2
85
-19
-5
42
37
-19
26
23
40
65
-45
-81
-82
20
43
-55
50
-52
-1
26
5
90
-25
7
25
64
13
-32
-26
-85
-19
8
-17
-1
62
68
25
63
91
50
70
7
-13
28
10
22
25
-33
-33
-47
-50
32
30
-4
-50
-4
-5
36
41
23
-3
33
-70
4
-42
52
40
-61
-4
20
-77
-64
-34
37
28
-16
69
61
-40
73
21
47
5
13
27
-6
-15
-19
2
-68
-85
1
8
11
17
-79
22
-56
-44
8
-7
-60
38
30
-53
-17
-35
-4
17
58
34
-46
56
25
-71
30
47
-5
-111
51
-33
-67
-12
-21
21
4
47
-13
25
-28
51
26
74
-11
44
-47
-38
-29
-49
23
-2
60
77
25
-13
61
-101
41
-52
88
-47
100
54
57
34
-83
-39
-110
-32
65
-38
25
32
-69
-25
37
-100
-83
68
-19
-75
77
37
17
-27
66
11
37
-6
-10
-43
-9
4
-62
-49
-9
-9
2
-84
86
-25
-53
24
-49
-2
-10
44
80
71
-4
-30
-29
-35
-33
-4
65
92
-10
-3
42
-59
66
16
57
-67
85
67
11
-5
20
-69
-32
-7
-32
-6
-11
-18
5
63
-42
85
41
-27
46
-4
-54
-81
5
1
12
-42
68
-40
34
-29
16
-59
15
80
18
23
-68
49
-55
-69
-48
-108
-19
40
-37
-51
72
-57
7
72
27
18
77
45
-70
-65
18
-30
2
65
-41
46
-103
30
-99
-22
18
-59
17
7
23
55
-35
56
-33
-17
-9
29
23
110
-19
9
-27
-54
-27
-62
5
13
-4
-23
-29
-81
-2
-67
3
-56
37
74
23
6
-99
-24
-44
-61
-62
-47
39
-21
-57
-64
-10
7
21
43
-57
-38
-3
104
-85
-9
38
-68
2
84
-8
87
-69
-34
-69
-102
19
3
-11
-58
86
8
65
-33
10
-20
-9
36
-41
-10
-39
38
44
-38
74
2
34
37
17
4
14
30
-42
51
34
0
-39
42
33
7
-19
11
12
54
-32
-89
-10
-25
1
34
55
30
-79
61
-46
-32
65
14
-46
-22
82
-28
-63
21
-80
11
10
89
-16
-79
-44
17
60
-54
54
3
-34
127
40
-9
50
-15
-4
58
9
-63
22
65
-28
-100
-19
23
-2
67
62
-2
31
-52
-6
-39
105
78
33
51
-77
23
-88
-65
44
104
-11
-29
38
-12
-74
58
43
10
65
67
-37
-6
-39
70
-95
11
37
-47
2
12
73
-33
89
17
47
4
-35
31
-90
-12
-28
-74
-76
5
43
40
67
-80
31
69
30
29
75
66
-12
-65
19
-67
45
93
-42
72
-52
-28
13
14
52
21
68
17
66
-31
-9
41
6
31
4
-60
0
72
-3
-17
-11
14
14
56
87
-20
-36
3
54
33
-55
-27
31
-20
8
47
6
51
-96
49
4
-32
17
14
-34
-15
64
80
-7
41
-13
-14
-50
-41
-28
21
25
-21
-54
62
10
-26
-4
-35
102
-77
-10
-13
27
26
-47
71
8
12
21
-21
0
-10
-18
-67
-32
-29
33
34
-36
21
-13
62
89
37
41
-12
81
-72
51
23
49
-5
-40
48
-20
11
13
14
30
-78
-75
11
-70
-20
2
79
-11
74
-27
24
70
57
-47
-49
36
14
-3
19
-44
-63
107
6
77
-31
70
72
-9
50
-54
-22
-102
-21
-55
-13
68
20
5
-26
-2
79
82
-63
-11
66
22
31
-38
-27
-55
53
-50
-28
67
0
23
-12
33
72
-36
56
-24
-23
-20
-59
45
78
-49
14
8
11
-86
-5
-29
-16
17
25
-92
-86
-21
39
-82
71
-36
-33
90
-36
101
-96
54
-10
9
101
11
37
-82
25
-42
95
-35
-33
64
-22
-60
40
14
-21
-24
-7
28
1
-30
24
-62
65
16
-78
79
19
34
-45
48
6
13
12
-68
63
-90
-44
-47
70
41
42
-7
35
-71
-27
1
-68
-7
74
-81
-81
52
-5
5
11
-44
-23
11
-51
91
-37
58
39
-28
32
-4
18
-39
0
35
-35
-5
-50
-35
-54
-26
-73
-25
-43
4
-3
77
20
30
-66
14
-52
-12
-11
-89
-38
17
22
1
-13
4
-11
27
-47
43
-42
34
